1;Admin1;laligadraft@gmail.com;612345678;Admin123;1000000;196,3,52,199,351,424,450,234,386,135,64,303,439,216,117;;0;-1
2;Diaz;inigo050705@gmail.com;123456789;Diazka123;1000000;169,76,250,252,374,57,427,435,307,157,257,309,312,92,166;3,3;0;-1
3;a;a;a;12345678;1000000;293,22,323,403,131,275,375,259,180,235,433,284,420,311,394;3,3;0;-1
4;Admin;1;1;12345678;1000000;50,123,373,347,379,124,4,16,432,335,231,85,20,469,94;4,4;0;-1
5;Ander;1;1;12345678;1000000;399,247,456,380,101,26,154,111,434,40,460,182,462,164,168;4,4;0;-1
6;w;1;1;Ander123;1000000;172,96,253,326,227,80,125,187,189,258,278,437,461,470,342;5,5;0;-1
7;Asier;1;1;12345678;1000000;270,271,320,30,6,24,272,304,389,360,114,160,239,209,338;1,1;0;-1
8;urze;1;1;urzelai15;1000000;446,346,127,174,31,126,296,366,332,60,136,260,41,70,464;1,1;0;1
9;cama;1;1;urzelai15;1000000;218,245,223,202,449,9,404,383,163,329,13,38,44,465,310;1,1;0;1
10;ando;1;1;urzelai15;1000000;48,98,129,401,378,81,297,408,162,113,334,89,267,139,68;1,1;0;1
